[0, 0, 0, 0, 0, 0, 0, 0, 0, 0, 0, 0, 0]
[  291.   186.   228.   248. -2070.  6166.   988.    86.     0.    30.
    12.   200.   -35.]
[  466.   298.   365.   396. -3021.  9926.  1508.   499.   215.   286.
    21.   322.   -55.]
[  571.   365.   447.   485. -3534. 12346.  1532.   387.   -56.   136.
    30.   394.   -65.]
[  634.   405.   497.   539. -3906. 13618.  1677.   104.  -239.    72.
    32.   438.   -72.]
[ 6.7200e+02  4.2900e+02  5.2700e+02  5.7100e+02 -4.3050e+03  1.4324e+04
  1.9880e+03 -1.1000e+01 -1.3400e+02 -9.7000e+01  3.3000e+01  4.6600e+02
 -7.7000e+01]
[  695.   444.   545.   591. -4538. 14780.  2226.   -16.  -204.  -136.
    34.   484.   -79.]
[  709.   453.   555.   603. -4697. 15136.  2234.   -32.  -282.   -22.
    34.   494.   -80.]
[  717.   459.   561.   610. -4837. 15225.  2175.  -176.  -142.   120.
    38.   498.   -81.]
[  722.   462.   565.   614. -4796. 15365.  2300.   -83.  -202.   174.
    37.   498.   -83.]
[  725.   464.   568.   616. -4813. 15497.  2394.    73.    24.   127.
    39.   497.   -84.]
[  727.   464.   570.   618. -4804. 15557.  2316.   -29.   -40.   186.
    38.   501.   -85.]
[  728.   465.   571.   619. -4616. 15695.  2308.  -166.  -117.    65.
    37.   505.   -81.]
[  729.   466.   571.   620. -4577. 15628.  2319.  -186.   -50.    65.
    38.   505.   -79.]
[  730.   466.   572.   620. -4707. 15658.  2332.   -31.   -77.    47.
    37.   506.   -82.]
[ 7.3000e+02  4.6700e+02  5.7200e+02  6.2000e+02 -4.7500e+03  1.5574e+04
  2.4290e+03  1.4000e+01 -1.6000e+02  1.7900e+02  3.5000e+01  5.0300e+02
 -8.2000e+01]
[  730.   467.   572.   621. -4734. 15485.  2423.  -192.  -128.   -35.
    36.   504.   -79.]
[  730.   467.   573.   621. -4834. 15438.  2522.  -370.  -232.   -46.
    35.   502.   -78.]
[  730.   467.   574.   621. -4910. 15448.  2594.   -90.  -222.   -86.
    35.   509.   -76.]
[  730.   467.   574.   622. -4763. 15403.  2638.  -112.  -375.  -169.
    36.   511.   -77.]
[  730.   468.   574.   622. -4829. 15344.  2690.  -145.  -127.  -226.
    35.   511.   -75.]
[  730.   468.   575.   622. -4731. 15286.  2676.   -38.  -180.   -55.
    37.   512.   -71.]
[  731.   468.   575.   622. -4790. 15248.  2700.   104.  -240.    39.
    37.   512.   -72.]
[  731.   468.   575.   622. -4701. 15398.  2874.    99.  -145.    17.
    39.   511.   -70.]
[  731.   468.   575.   622. -4782. 15386.  2924.    24.  -198.   145.
    40.   509.   -72.]
[  732.   468.   575.   622. -4770. 15439.  2874.   210.  -104.   217.
    39.   508.   -73.]
[  733.   468.   575.   623. -4887. 15458.  2918.   184.  -150.   144.
    40.   512.   -73.]
[  733.   468.   575.   623. -4893. 15393.  2861.   -27.    90.   122.
    39.   510.   -73.]
[  733.   469.   575.   623. -4929. 15443.  2811.   -22.   -40.    88.
    39.   515.   -75.]
[  734.   469.   575.   623. -4861. 15320.  2755.   -33.   -61.    52.
    41.   513.   -74.]
[  734.   469.   575.   623. -4830. 15291.  2757.  -160.    54.  -145.
    43.   513.   -75.]
[  734.   470.   575.   624. -4830. 15427.  2668.  -118.   168.  -197.
    39.   513.   -76.]
[  734.   470.   576.   624. -4760. 15381.  2704.    39.    68.   -41.
    40.   511.   -79.]
[  735.   470.   576.   624. -4900. 15411.  2729.  -107.   106.   -62.
    35.   513.   -75.]
[  735.   470.   576.   624. -4962. 15451.  2687.  -179.   190.    56.
    35.   513.   -73.]
[ 7.3500e+02  4.7000e+02  5.7600e+02  6.2500e+02 -5.0090e+03  1.5389e+04
  2.7190e+03 -1.5300e+02  1.4000e+01  2.8200e+02  3.7000e+01  5.1300e+02
 -7.0000e+01]
[  735.   470.   576.   625. -4989. 15412.  2725.   -88.   -27.   122.
    37.   513.   -72.]
[  735.   470.   577.   625. -4891. 15378.  2758.  -155.   156.   136.
    35.   511.   -72.]
[ 7.3500e+02  4.7000e+02  5.7700e+02  6.2500e+02 -4.9410e+03  1.5297e+04
  2.8350e+03 -4.0000e+00 -5.8000e+01  9.7000e+01  3.7000e+01  5.1200e+02
 -7.6000e+01]
[  735.   470.   577.   625. -4926. 15203.  2853.    71.   126.   171.
    37.   513.   -75.]
[  735.   470.   577.   625. -4795. 15237.  2809.    27.    84.   191.
    38.   515.   -75.]
