[0, 0, 0, 0, 0, 0, 0, 0, 0, 0, 0, 0, 0]
[  294.   188.   231.   251. -2003.  6096.  1104.   -86.    34.   128.
    19.   203.   -29.]
[  471.   302.   369.   401. -3237.  9718.  1820.  -159.    63.  -144.
    29.   328.   -45.]
[  577.   370.   452.   492. -3923. 11936.  2253.   -38.  -115.  -199.
    31.   401.   -59.]
[  641.   411.   502.   546. -4357. 13267.  2635.  -101.  -206.   -94.
    34.   445.   -65.]
[  679.   435.   532.   579. -4655. 14187.  2701.  -111.   -70.   -83.
    39.   471.   -64.]
[  702.   449.   550.   598. -4885. 14902.  2785.    16.   -48.  -324.
    42.   489.   -64.]
[  717.   457.   560.   614. -4812. 15334.  3018.   205.   568.  -138.
    38.   496.   -70.]
[ 7.2700e+02  4.6200e+02  5.6500e+02  6.3800e+02 -5.1620e+03  1.5517e+04
  2.7580e+03  4.4100e+02  6.5400e+02  5.0000e+00  3.5000e+01  5.0000e+02
 -7.2000e+01]
[ 7.3300e+02  4.6500e+02  5.6400e+02  6.8200e+02 -5.1930e+03  1.5761e+04
  2.7650e+03  1.1000e+01  7.9500e+02 -4.0100e+02  3.4000e+01  5.0400e+02
 -7.6000e+01]
[  740.   467.   564.   745. -4991. 15527.  2679.   124.   456.  -431.
    34.   503.   -78.]
[  746.   470.   564.   792. -5106. 15287.  2551.   198.   186.  -274.
    39.   502.   -80.]
[  750.   472.   562.   824. -5527. 15610.  2468.   123.   659.  -688.
    41.   500.   -82.]
[  755.   474.   554.   840. -5652. 15522.  2367.   -40.  1219. -1220.
    45.   498.   -84.]
[ 7.6100e+02  4.7600e+02  5.4200e+02  8.3600e+02 -5.7590e+03  1.5249e+04
  2.2580e+03  6.0000e+00  7.7800e+02 -1.1540e+03  4.3000e+01  4.9200e+02
 -8.7000e+01]
[  767.   477.   532.   826. -6031. 15021.  2145.   140.   431.  -869.
    42.   480.   -85.]
[  774.   478.   523.   817. -6181. 15012.  2154.   450.   299.  -866.
    42.   470.   -85.]
[  780.   479.   515.   810. -6403. 14984.  2086.   282.   139.  -624.
    46.   466.   -88.]
[ 7.8600e+02  4.7800e+02  5.1000e+02  8.0400e+02 -6.5200e+03  1.4785e+04
  1.9680e+03  4.8000e+02  8.0000e+00 -5.9900e+02  4.4000e+01  4.5800e+02
 -9.2000e+01]
[  790.   477.   507.   801. -6606. 14755.  1939.   518.   -39.  -337.
    42.   456.   -92.]
[  794.   477.   505.   800. -6616. 15013.  1669.    52.    93.  -277.
    40.   450.   -91.]
[  796.   475.   503.   799. -6539. 14787.  1513.  -103.    72.  -118.
    42.   450.   -91.]
[  797.   474.   501.   798. -6701. 14619.  1711.   -37.   169.  -250.
    44.   450.   -89.]
[  798.   474.   501.   798. -6705. 15072.  1993.  -207.    49.   -78.
    42.   449.   -89.]
[  798.   474.   505.   800. -6717. 15065.  2059.  -257.    65.   -65.
    43.   450.   -88.]
[  797.   475.   510.   803. -6603. 14891.  1987.  -253.   -75.   114.
    42.   456.   -85.]
[  797.   476.   512.   802. -6697. 14787.  2091.  -189.    37.   201.
    38.   456.   -86.]
[  798.   476.   512.   797. -6581. 14837.  2041.   -82.   196.   153.
    36.   454.   -85.]
[ 7.9800e+02  4.7700e+02  5.0900e+02  7.9300e+02 -6.6910e+03  1.4847e+04
  1.9410e+03 -1.1700e+02 -1.2000e+01  8.3000e+01  3.9000e+01  4.5000e+02
 -8.7000e+01]
[  799.   477.   509.   791. -6856. 14850.  2003.  -115.   178.    66.
    36.   449.   -85.]
[ 7.9900e+02  4.7800e+02  5.1100e+02  7.9400e+02 -6.9770e+03  1.4836e+04
  1.9280e+03 -1.5400e+02  1.4000e+01  1.6600e+02  3.8000e+01  4.4700e+02
 -8.5000e+01]
[  799.   478.   514.   798. -6976. 14856.  1902.   -59.  -229.   384.
    39.   448.   -89.]
[  799.   477.   518.   800. -6758. 14644.  1909.  -173.   -83.   101.
    42.   447.   -84.]
[  799.   477.   520.   802. -6758. 14616.  1801.    64.  -203.   132.
    41.   449.   -84.]
[  799.   477.   521.   802. -6765. 14744.  2027.   139.   -47.   -86.
    35.   449.   -87.]
[ 7.9900e+02  4.7700e+02  5.2100e+02  8.0000e+02 -6.9390e+03  1.4667e+04
  2.0730e+03  1.6000e+02 -1.5100e+02 -1.4000e+01  3.9000e+01  4.4900e+02
 -8.9000e+01]
[ 7.9900e+02  4.7700e+02  5.2000e+02  7.9700e+02 -7.0080e+03  1.4691e+04
  2.1520e+03  9.2000e+01 -1.9000e+01 -2.0000e+00  3.9000e+01  4.5000e+02
 -8.5000e+01]
[  799.   477.   519.   795. -6899. 14670.  1988.   137.   -85.  -129.
    39.   449.   -85.]
[  799.   477.   519.   795. -6917. 14811.  2076.  -288.  -114.  -204.
    40.   449.   -84.]
[ 7.9900e+02  4.7700e+02  5.1900e+02  7.9700e+02 -6.6970e+03  1.4806e+04
  2.0040e+03 -5.5000e+01  1.2800e+02 -7.0000e+00  4.0000e+01  4.5000e+02
 -8.5000e+01]
[  799.   478.   520.   799. -6895. 14742.  1820.  -186.  -205.   254.
    38.   450.   -89.]
