[0, 0, 0, 0, 0, 0, 0, 0, 0, 0, 0, 0, 0]
[  319.   192.   210.   320. -2656.  5740.   614.   384.   184.   125.
     7.   181.   -34.]
[  511.   307.   336.   512. -4441.  9399.   970.   326.   105.   135.
    15.   284.   -61.]
[  626.   377.   411.   628. -5362. 11665.  1052.   133.    57.   -57.
    18.   350.   -75.]
[  695.   419.   457.   698. -6366. 12928.  1143.   137.   -19.    21.
    19.   390.   -81.]
[  736.   445.   488.   744. -6859. 13929.  1460.   -36.   -59.   230.
    21.   416.   -86.]
[  756.   459.   529.   792. -6867. 14322.  1192.  -290.   -39.   465.
    25.   441.   -88.]
[  766.   466.   559.   817. -6613. 14561.  1313.  -611.   -47.    42.
    22.   454.   -89.]
[  772.   468.   589.   826. -6940. 14883.  1671.  -667.   195.  -230.
    22.   466.   -88.]
[ 7.7600e+02  4.7000e+02  6.4400e+02  8.3400e+02 -6.8390e+03  1.4789e+04
  1.6070e+03 -4.4800e+02 -8.9000e+01 -1.5700e+02  1.4000e+01  4.7000e+02
 -8.2000e+01]
[ 7.800e+02  4.710e+02  7.040e+02  8.440e+02 -7.082e+03  1.463e+04
  1.645e+03 -7.390e+02 -7.100e+01 -4.070e+02  9.000e+00  4.750e+02
 -8.200e+01]
[ 7.8300e+02  4.7300e+02  7.5100e+02  8.5200e+02 -7.2310e+03  1.4448e+04
  1.6940e+03 -3.7400e+02 -4.1000e+01 -2.1300e+02  4.0000e+00  4.7500e+02
 -8.6000e+01]
[ 7.860e+02  4.760e+02  7.860e+02  8.590e+02 -6.943e+03  1.438e+04
  1.694e+03 -2.860e+02  8.700e+01 -2.360e+02 -2.000e+00  4.740e+02
 -8.300e+01]
[ 7.8900e+02  4.7900e+02  8.1000e+02  8.6300e+02 -6.9810e+03  1.4682e+04
  1.6020e+03 -1.5100e+02  1.0700e+02 -1.3000e+01 -7.0000e+00  4.7400e+02
 -8.3000e+01]
[ 7.9200e+02  4.8100e+02  8.2600e+02  8.6100e+02 -7.0330e+03  1.4806e+04
  1.6680e+03 -2.9500e+02  6.5000e+01  1.7800e+02 -1.0000e+01  4.7500e+02
 -7.8000e+01]
[ 7.9400e+02  4.8300e+02  8.3400e+02  8.5500e+02 -6.9550e+03  1.4499e+04
  1.6880e+03 -3.3300e+02 -1.8500e+02  2.6800e+02 -1.2000e+01  4.7400e+02
 -7.7000e+01]
[  796.   491.   837.   851. -6867. 14577.  1860.  -263.    24.   -48.
   -17.   478.   -79.]
[ 8.0200e+02  5.0500e+02  8.4100e+02  8.4800e+02 -6.8270e+03  1.4339e+04
  1.9510e+03 -1.3500e+02 -1.0400e+02 -5.0000e+00 -1.8000e+01  4.8200e+02
 -7.9000e+01]
[  808.   516.   844.   846. -6800. 14443.  2092.   176.  -106.   155.
   -17.   481.   -80.]
[  813.   527.   843.   843. -7001. 14627.  1818.   116.   408.    35.
   -21.   481.   -80.]
[  820.   536.   845.   838. -7096. 14757.  1967.  -276.   126.   130.
   -23.   483.   -80.]
[  826.   545.   846.   834. -6795. 14511.  1948.    77.   180.    18.
   -28.   484.   -83.]
[ 8.2900e+02  5.5200e+02  8.4400e+02  8.3200e+02 -6.8670e+03  1.4345e+04
  1.7160e+03 -9.0000e+00  1.4600e+02  8.4000e+01 -3.0000e+01  4.8400e+02
 -8.3000e+01]
[  831.   556.   844.   832. -7013. 14837.  1852.    97.  -245.   205.
   -30.   486.   -83.]
[  833.   558.   844.   834. -6924. 15059.  1719.  -251.  -421.    93.
   -28.   491.   -83.]
[  833.   560.   842.   842. -6394. 14632.  1834.   -53.  -475.   306.
   -29.   490.   -79.]
[  833.   560.   842.   850. -6566. 15038.  2025.   238.   328.   300.
   -28.   492.   -77.]
[  833.   560.   844.   852. -6579. 14926.  1941.   108.   441.   190.
   -29.   492.   -77.]
[  833.   561.   844.   850. -6622. 14443.  1715.  -203.    70.  -281.
   -33.   491.   -77.]
[ 8.3400e+02  5.6200e+02  8.4300e+02  8.4800e+02 -6.8660e+03  1.4605e+04
  1.8830e+03 -5.0000e+00 -8.0000e+00 -2.0200e+02 -3.3000e+01  4.9300e+02
 -7.4000e+01]
[  835.   562.   845.   846. -6574. 14897.  1961.    25.  -126.    53.
   -33.   491.   -76.]
[  835.   563.   845.   847. -6485. 14576.  1935.   -75.  -714.   126.
   -31.   489.   -79.]
[  835.   564.   843.   849. -6668. 14806.  2124.  -109.  -445.   172.
   -30.   493.   -72.]
[  835.   565.   842.   853. -6612. 14832.  2045.  -380.  -609.   134.
   -28.   492.   -70.]
[ 8.350e+02  5.670e+02  8.410e+02  8.570e+02 -6.703e+03  1.480e+04
  2.331e+03 -1.920e+02 -3.770e+02 -4.000e+00 -2.500e+01  4.930e+02
 -6.600e+01]
[  835.   569.   841.   859. -6722. 14825.  2246.   -21.   -22.  -175.
   -25.   493.   -67.]
[  835.   569.   842.   859. -6522. 14968.  2339.   256.    98.  -153.
   -25.   490.   -68.]
[  835.   569.   844.   859. -6521. 14808.  2238.   496.   182.   -83.
   -27.   490.   -70.]
[  835.   569.   844.   858. -6741. 15201.  2152.   213.   266.   -68.
   -29.   490.   -72.]
[  835.   568.   846.   858. -6819. 14832.  1976.  -138.  -201.   -36.
   -27.   488.   -75.]
[  835.   568.   846.   859. -6933. 15145.  2152.  -166.  -137.  -192.
   -27.   490.   -75.]
