[0, 0, 0, 0, 0, 0, 0, 0, 0, 0, 0, 0, 0]
[  334.   228.   338.   347. -2694.  5456.   672.    59.     9.  -276.
   -15.   198.   -32.]
[  534.   364.   540.   555. -4192.  8550.  1065.   952.  -514.  -106.
   -19.   314.   -46.]
[  656.   455.   661.   680. -5251. 11206.  1477.   600.   -90.  -195.
   -26.   385.   -56.]
[  731.   517.   733.   755. -5806. 12861.  1577.   310.   150.  -371.
   -29.   427.   -62.]
[  776.   552.   775.   801. -6120. 13515.  1557.   105.  -498.  -120.
   -29.   456.   -69.]
[  800.   572.   799.   831. -6526. 14102.  1510.    77.  -608.   156.
   -27.   474.   -72.]
[  800.   617.   815.   851. -6094. 14176.  2259.   136. -1265.   456.
   -27.   484.   -72.]
[  800.   648.   824.   863. -6136. 14563.  2136.  -528.  -903.   280.
   -31.   491.   -71.]
[  808.   658.   829.   871. -6036. 14968.  2180.  -853.  -669.   174.
   -31.   496.   -68.]
[  822.   671.   832.   876. -6351. 15128.  2741.   -76.  -147.   417.
   -32.   500.   -62.]
[  837.   667.   833.   880. -5557. 15019.  2198. -1795. -1461. -1076.
   -32.   502.   -57.]
[  825.   633.   825.   883. -4982. 15283.  2838. -1770. -2197.  -747.
   -35.   504.   -45.]
[  807.   615.   810.   885. -5779. 15371.  3635.  -928.  -896.  -125.
   -39.   508.   -33.]
[  803.   613.   800.   886. -6056. 15046.  3653.  -915. -2193.   631.
   -39.   506.   -26.]
[  805.   650.   802.   886. -6024. 14963.  3961. -1890. -1153.   382.
   -40.   504.   -20.]
[ 8.1600e+02  6.8700e+02  8.0900e+02  8.8400e+02 -7.0640e+03  1.4533e+04
  4.4630e+03 -2.2570e+03 -2.6300e+02  3.9700e+02 -3.4000e+01  4.9800e+02
 -1.2000e+01]
[ 8.3000e+02  7.1200e+02  8.1600e+02  8.8100e+02 -6.6000e+03  1.3833e+04
  4.7380e+03 -1.6320e+03  2.6900e+02 -1.4000e+01 -3.1000e+01  4.9200e+02
 -4.0000e+00]
[ 8.4300e+02  7.2900e+02  8.2500e+02  8.7900e+02 -6.5290e+03  1.3576e+04
  5.1880e+03 -5.5300e+02  1.0750e+03 -5.9600e+02 -2.8000e+01  4.8600e+02
 -2.0000e+00]
[  856.   739.   833.   877. -6179. 14091.  5253.  -109.  1081. -1556.
   -24.   483.     0.]
[  870.   746.   835.   876. -6622. 14563.  5836.   413.  -151. -1243.
   -20.   479.     0.]
[ 8.8300e+02  7.5000e+02  8.3700e+02  8.7500e+02 -6.3470e+03  1.4449e+04
  5.2320e+03  6.5100e+02  4.1600e+02 -7.7100e+02 -1.7000e+01  4.7300e+02
 -1.0000e+00]
[ 8.9300e+02  7.5200e+02  8.4100e+02  8.7500e+02 -7.2890e+03  1.4339e+04
  4.7960e+03 -5.3700e+02  7.9700e+02  1.7900e+02 -1.4000e+01  4.7100e+02
  0.0000e+00]
[ 9.0100e+02  7.5400e+02  8.4400e+02  8.7500e+02 -7.2820e+03  1.4014e+04
  4.6660e+03 -1.7170e+03  1.3840e+03  8.6500e+02 -1.3000e+01  4.7200e+02
  0.0000e+00]
[ 9.0700e+02  7.5700e+02  8.4400e+02  8.7400e+02 -6.7560e+03  1.4078e+04
  5.1990e+03 -2.2870e+03  1.0670e+03  1.3920e+03 -1.3000e+01  4.7500e+02
  2.0000e+00]
[ 9.1200e+02  7.5900e+02  8.4300e+02  8.7200e+02 -5.5280e+03  1.4658e+04
  7.6500e+03 -8.0100e+02  8.9600e+02  4.9100e+02 -1.9000e+01  4.7400e+02
  9.0000e+00]
[ 9.1600e+02  7.5900e+02  8.4500e+02  8.7200e+02 -6.1680e+03  1.3758e+04
  7.8790e+03  3.3000e+01 -5.8200e+02  3.0000e+02 -1.8000e+01  4.7000e+02
  9.0000e+00]
[ 9.1200e+02  7.6000e+02  8.4500e+02  8.7200e+02 -6.0360e+03  1.3483e+04
  7.0470e+03  1.0500e+02 -7.0000e+01  3.9700e+02 -2.0000e+01  4.7400e+02
  5.0000e+00]
[ 9.2700e+02  7.6100e+02  8.4500e+02  8.7200e+02 -7.3110e+03  1.3376e+04
  6.8650e+03 -6.8000e+01 -3.4000e+02  6.4700e+02 -2.5000e+01  4.7400e+02
  2.0000e+00]
[ 9.2500e+02  7.5600e+02  8.4500e+02  8.6800e+02 -7.2820e+03  1.5171e+04
  5.2550e+03  5.0000e+01 -4.9640e+03 -7.2800e+02 -3.1000e+01  4.7700e+02
  5.0000e+00]
[ 9.0000e+02  7.4800e+02  8.4500e+02  8.6200e+02 -6.6730e+03  1.5182e+04
  6.6570e+03 -9.0000e+01 -4.9040e+03 -4.8000e+01 -2.9000e+01  4.7200e+02
  1.1000e+01]
[ 9.0000e+02  7.3300e+02  8.4500e+02  8.5700e+02 -7.2550e+03  1.4267e+04
  6.2590e+03 -4.8500e+02 -3.1670e+03 -3.5600e+02 -3.0000e+01  4.7400e+02
  1.4000e+01]
[  894.   712.   845.   854. -7460. 13990.  6277.  -809. -2232.  -137.
   -32.   473.    17.]
[  869.   691.   845.   852. -7522. 13552.  5830.   801. -2050.   476.
   -34.   471.    21.]
[  851.   677.   845.   851. -6522. 13881.  6426.  -439.  -538.  -360.
   -31.   473.    20.]
[  858.   669.   845.   850. -6892. 13663.  6367.  -223.   -93.  -417.
   -29.   473.    22.]
[ 8.5400e+02  6.6700e+02  8.4500e+02  8.4800e+02 -6.9480e+03  1.3961e+04
  6.3410e+03 -3.8300e+02 -5.4500e+02 -7.0000e+00 -3.0000e+01  4.7200e+02
  2.5000e+01]
[  848.   666.   845.   845. -6655. 13887.  6991.  -169.  -210.   319.
   -31.   476.    30.]
[  856.   666.   845.   843. -6063. 13746.  6489.  -132.  -241.   274.
   -33.   480.    28.]
[  859.   680.   843.   842. -6441. 14007.  6351.   324.   -56.   380.
   -36.   479.    26.]
[  849.   708.   840.   842. -5736. 14189.  6543.   -85.  -154.   280.
   -37.   479.    24.]
