[0, 0, 0, 0, 0, 0, 0, 0, 0, 0, 0, 0, 0]
[  343.   264.   337.   342. -2348.  5734.  2579.   102.  -468.    -9.
   -12.   192.     9.]
[  552.   423.   539.   551. -3664.  8589.  3749.   -78.  -345.   -57.
   -20.   306.    15.]
[  674.   519.   660.   677. -4588. 10955.  5315.   342.   283.   -65.
   -27.   377.    17.]
[  740.   577.   733.   750. -5207. 12022.  5454.   428.   472.  -305.
   -27.   417.    22.]
[  775.   612.   777.   792. -5556. 12838.  5630.   619.   397.    33.
   -26.   444.    21.]
[  805.   633.   803.   818. -5759. 13418.  6117.   208.   274.    43.
   -28.   460.    19.]
[  827.   645.   818.   833. -5637. 13807.  5807.  -257.  -106.   -35.
   -34.   470.    17.]
[  829.   655.   828.   843. -5779. 13554.  6127.  -277.  -164.   -32.
   -35.   478.    18.]
[  842.   664.   833.   849. -5537. 13649.  6508.   -72.   186.    30.
   -35.   485.    19.]
[ 8.5700e+02  6.7400e+02  8.3700e+02  8.5300e+02 -5.4210e+03  1.4003e+04
  6.2980e+03 -7.5000e+02 -4.0000e+00 -3.1000e+01 -3.7000e+01  4.8600e+02
  2.2000e+01]
[  856.   687.   839.   855. -5847. 14110.  6703.  -482.   212.   257.
   -40.   485.    23.]
[  864.   694.   841.   856. -5511. 13755.  6495.   -18.    36.   423.
   -45.   482.    22.]
[ 8.7100e+02  6.9800e+02  8.4200e+02  8.5700e+02 -5.3320e+03  1.3929e+04
  6.6200e+03 -6.5600e+02 -2.3400e+02 -1.2000e+01 -4.4000e+01  4.8100e+02
  2.4000e+01]
[  897.   703.   841.   858. -4642. 14271.  6352.    26.  -681.   627.
   -45.   486.    26.]
[  915.   704.   842.   859. -4999. 14351.  6486.   736.  -447.   473.
   -47.   489.    25.]
[  926.   702.   842.   860. -4874. 14578.  6419.  1407. -1516.   330.
   -51.   491.    24.]
[  933.   702.   840.   860. -4575. 14980.  6305.  1432. -1280.   374.
   -55.   495.    24.]
[  937.   702.   841.   860. -4437. 15058.  6362.  1879. -1160.   597.
   -56.   501.    20.]
[ 9.3800e+02  7.0200e+02  8.4100e+02  8.6100e+02 -4.5690e+03  1.5214e+04
  6.0470e+03  1.4030e+03 -5.7000e+02  2.7000e+02 -5.8000e+01  5.0500e+02
  1.4000e+01]
[ 9.3900e+02  7.0200e+02  8.4000e+02  8.6100e+02 -4.2830e+03  1.4936e+04
  5.5700e+03  1.0290e+03 -3.5600e+02  4.1800e+02 -5.7000e+01  5.0700e+02
  1.0000e+01]
[ 9.3900e+02  7.0200e+02  8.4100e+02  8.6100e+02 -4.2910e+03  1.4715e+04
  5.3700e+03  9.3600e+02 -1.9900e+02  7.4000e+01 -6.2000e+01  5.1100e+02
  5.0000e+00]
[ 9.3800e+02  7.0300e+02  8.4100e+02  8.6100e+02 -4.2570e+03  1.4976e+04
  5.0840e+03  7.4500e+02  2.5900e+02  2.0500e+02 -6.4000e+01  5.1700e+02
  3.0000e+00]
[  937.   704.   841.   863. -3792. 15052.  5037.   459.   671.   774.
   -66.   518.     0.]
[  937.   705.   840.   868. -3772. 15354.  4667.   271.  -276.   261.
   -70.   521.     0.]
[  938.   706.   842.   872. -3188. 15174.  4349.   -87.  -920.   417.
   -72.   518.     0.]
[ 9.4000e+02  7.0800e+02  8.4100e+02  8.7500e+02 -3.3270e+03  1.5254e+04
  4.9610e+03 -3.4900e+02 -9.9200e+02 -1.3400e+02 -7.4000e+01  5.2000e+02
  2.0000e+00]
[ 9.4200e+02  7.0900e+02  8.4100e+02  8.7700e+02 -3.7590e+03  1.4835e+04
  5.0370e+03 -4.0000e+02 -2.0600e+02 -4.1400e+02 -7.4000e+01  5.2000e+02
  5.0000e+00]
[ 9.4400e+02  7.0900e+02  8.4300e+02  8.7900e+02 -3.8450e+03  1.4968e+04
  5.1020e+03 -1.9100e+02 -1.7600e+02 -2.1000e+01 -7.2000e+01  5.1700e+02
  5.0000e+00]
[ 9.4500e+02  7.1000e+02  8.4100e+02  8.8000e+02 -3.8460e+03  1.5188e+04
  5.0960e+03 -1.6300e+02 -2.1000e+02  1.1900e+02 -7.1000e+01  5.1600e+02
  6.0000e+00]
[ 9.4500e+02  7.0900e+02  8.3600e+02  8.8200e+02 -4.0580e+03  1.5304e+04
  5.5950e+03  3.0000e+00 -1.8000e+01  1.9300e+02 -7.1000e+01  5.1500e+02
  8.0000e+00]
[ 9.4500e+02  7.1000e+02  8.3300e+02  8.8300e+02 -3.6020e+03  1.4868e+04
  5.2990e+03 -1.7300e+02 -1.0000e+00 -1.2400e+02 -7.1000e+01  5.1700e+02
  8.0000e+00]
[ 9.4400e+02  7.1100e+02  8.2900e+02  8.8000e+02 -3.8760e+03  1.5068e+04
  5.4510e+03 -2.1500e+02  2.0100e+02 -1.9200e+02 -7.3000e+01  5.1700e+02
  1.0000e+01]
[ 9.440e+02  7.090e+02  8.230e+02  8.800e+02 -3.823e+03  1.480e+04
  5.443e+03  5.220e+02 -3.640e+02  4.900e+01 -7.100e+01  5.140e+02
  1.400e+01]
[ 9.4400e+02  7.0300e+02  8.1700e+02  8.8300e+02 -3.9320e+03  1.5097e+04
  5.3070e+03  9.7200e+02 -2.5000e+02  9.9000e+01 -7.1000e+01  5.1800e+02
  1.2000e+01]
[ 9.4200e+02  6.9700e+02  8.1300e+02  8.8100e+02 -3.6900e+03  1.5352e+04
  5.2960e+03  9.2300e+02 -3.5200e+02  2.9100e+02 -7.1000e+01  5.2000e+02
  7.0000e+00]
[ 9.4100e+02  6.9300e+02  8.1300e+02  8.7700e+02 -3.5770e+03  1.5627e+04
  4.9530e+03  1.3600e+02 -3.4900e+02  3.2900e+02 -7.0000e+01  5.1800e+02
  5.0000e+00]
[ 9.4100e+02  6.9200e+02  8.1300e+02  8.7800e+02 -3.6430e+03  1.5088e+04
  5.2400e+03  1.8800e+02 -4.1100e+02  4.0300e+02 -7.4000e+01  5.2000e+02
  7.0000e+00]
[ 9.410e+02  6.960e+02  8.140e+02  8.800e+02 -3.488e+03  1.535e+04
  5.281e+03  4.900e+01 -1.910e+02  1.520e+02 -7.200e+01  5.200e+02
  5.000e+00]
[ 9.4100e+02  6.9800e+02  8.1400e+02  8.8200e+02 -3.5680e+03  1.5085e+04
  5.1520e+03 -1.5700e+02  1.9000e+01  1.1400e+02 -7.2000e+01  5.2200e+02
  7.0000e+00]
[ 9.4100e+02  6.9800e+02  8.1400e+02  8.8300e+02 -3.4620e+03  1.4932e+04
  5.1680e+03  1.6800e+02 -1.1000e+02  2.0000e+00 -7.4000e+01  5.1600e+02
  1.1000e+01]
