[0, 0, 0, 0, 0, 0, 0, 0, 0, 0, 0, 0, 0]
[ 3.770e+02  2.800e+02  3.260e+02  3.540e+02 -1.267e+03  6.150e+03
  2.089e+03 -5.600e+01  5.000e+01  2.180e+02 -3.200e+01  2.100e+02
  4.000e+00]
[ 6.030e+02  4.480e+02  5.220e+02  5.660e+02 -2.139e+03  9.616e+03
  3.794e+03 -1.240e+02  6.200e+01 -2.000e+00 -5.000e+01  3.380e+02
  1.000e+01]
[  739.   549.   640.   693. -2429. 11897.  4532.   480.   -66.   188.
   -57.   412.    14.]
[ 8.2100e+02  6.0900e+02  7.1000e+02  7.6800e+02 -2.8360e+03  1.2952e+04
  5.0450e+03  8.5200e+02 -7.1000e+01  1.4900e+02 -6.6000e+01  4.5600e+02
  1.0000e+01]
[ 8.7000e+02  6.4400e+02  7.5100e+02  8.0900e+02 -3.0200e+03  1.3787e+04
  5.2150e+03  1.0300e+03 -1.4000e+01  3.3300e+02 -6.9000e+01  4.8300e+02
  7.0000e+00]
[ 9.0000e+02  6.6400e+02  7.7500e+02  8.3100e+02 -3.0660e+03  1.4486e+04
  5.4170e+03  9.8600e+02 -2.4400e+02  2.0200e+02 -7.2000e+01  5.0200e+02
  7.0000e+00]
[ 9.180e+02  6.760e+02  7.890e+02  8.450e+02 -3.257e+03  1.488e+04
  5.112e+03  2.070e+02 -2.990e+02  2.780e+02 -7.600e+01  5.090e+02
  7.000e+00]
[ 9.2800e+02  6.8400e+02  7.9800e+02  8.5500e+02 -3.0550e+03  1.5065e+04
  5.0640e+03 -7.5600e+02  4.1000e+01  3.3400e+02 -8.0000e+01  5.1700e+02
  1.1000e+01]
[  934.   691.   804.   861. -2969. 14981.  5512.  -598.  -111.   212.
   -78.   517.    19.]
[ 9.3800e+02  6.9600e+02  8.0800e+02  8.6600e+02 -3.0320e+03  1.5091e+04
  5.7450e+03  9.8000e+01 -3.0300e+02  1.3000e+01 -7.9000e+01  5.2500e+02
  2.0000e+01]
[  940.   698.   810.   869. -3179. 15009.  5597.   390.  -144.  -135.
   -81.   523.    20.]
[  941.   700.   811.   871. -3280. 14989.  5566.   175.  -396.  -135.
   -81.   523.    18.]
[  942.   700.   812.   872. -3376. 14827.  5448.   224.  -610.  -221.
   -78.   523.    17.]
[  943.   700.   814.   873. -3385. 14899.  5598.   153.  -541.  -421.
   -72.   523.    15.]
[  943.   701.   813.   874. -3554. 15016.  5448.   385.  -587.  -260.
   -72.   523.    17.]
[ 9.4300e+02  7.0100e+02  8.1200e+02  8.7400e+02 -3.7000e+03  1.5236e+04
  5.7290e+03  1.3200e+02 -3.1900e+02 -2.1000e+02 -6.8000e+01  5.2300e+02
  1.5000e+01]
[  943.   701.   812.   875. -3490. 15205.  5434.    22.  -438.  -248.
   -69.   518.    18.]
[  943.   701.   812.   877. -3476. 15206.  5634.   -90.  -503.  -332.
   -71.   520.    16.]
[  943.   701.   811.   878. -3272. 15146.  5441.   -54.  -581.  -304.
   -70.   519.    16.]
[  943.   701.   811.   879. -3473. 15058.  5341.  -187.  -611.  -532.
   -67.   520.    18.]
[  943.   700.   811.   881. -3667. 15050.  5326.   146.  -791.  -304.
   -70.   516.    19.]
[  943.   700.   811.   882. -3720. 15007.  5282.   594.  -324.  -256.
   -69.   518.    19.]
[ 9.4400e+02  7.0000e+02  8.0900e+02  8.8300e+02 -3.6490e+03  1.5564e+04
  5.1690e+03  1.6440e+03  5.4100e+02 -8.3200e+02 -6.8000e+01  5.1700e+02
  1.3000e+01]
[ 9.4600e+02  6.9800e+02  8.0700e+02  8.8300e+02 -4.4990e+03  1.5261e+04
  4.6430e+03  4.7200e+02  2.1200e+03 -7.7300e+02 -6.3000e+01  5.1400e+02
  8.0000e+00]
[ 9.4700e+02  6.9700e+02  8.0700e+02  8.8400e+02 -4.1680e+03  1.5118e+04
  4.8270e+03 -2.1300e+02  1.2700e+03 -5.9600e+02 -6.5000e+01  5.1200e+02
  3.0000e+00]
[ 9.4800e+02  6.9700e+02  8.0600e+02  8.8400e+02 -4.3240e+03  1.5102e+04
  4.8670e+03 -3.1300e+02  1.2680e+03 -5.5500e+02 -6.6000e+01  5.1100e+02
  2.0000e+00]
[ 9.500e+02  6.960e+02  8.070e+02  8.840e+02 -4.328e+03  1.524e+04
  5.070e+03 -3.570e+02  1.017e+03 -3.620e+02 -6.400e+01  5.110e+02
  3.000e+00]
[ 9.5100e+02  6.9500e+02  8.0700e+02  8.8500e+02 -4.4430e+03  1.5201e+04
  5.1540e+03 -5.9500e+02  1.2310e+03 -4.9000e+01 -6.0000e+01  5.0800e+02
  3.0000e+00]
[ 9.5100e+02  6.9300e+02  8.0700e+02  8.8500e+02 -3.9930e+03  1.5066e+04
  5.2300e+03 -7.4000e+01  9.9700e+02 -2.1100e+02 -5.8000e+01  5.0700e+02
  4.0000e+00]
[ 9.4400e+02  6.8800e+02  8.0800e+02  8.8500e+02 -4.2830e+03  1.4914e+04
  4.8240e+03  1.7700e+02  3.5000e+02 -1.2600e+02 -5.9000e+01  5.0400e+02
  3.0000e+00]
[ 8.7000e+02  6.8400e+02  8.0900e+02  8.8600e+02 -4.3840e+03  1.5066e+04
  4.9480e+03 -1.6200e+02  5.6700e+02 -3.3700e+02 -5.7000e+01  5.0600e+02
  3.0000e+00]
[ 7.6600e+02  6.8100e+02  8.0900e+02  8.8600e+02 -4.6880e+03  1.4956e+04
  5.0000e+03 -3.5900e+02  8.2600e+02 -3.1300e+02 -5.3000e+01  5.0500e+02
  1.0000e+00]
[ 6.8900e+02  6.7800e+02  8.0900e+02  8.8700e+02 -4.5690e+03  1.5066e+04
  4.9710e+03 -9.6000e+02  1.8880e+03  1.8900e+02 -5.5000e+01  5.0000e+02
  3.0000e+00]
[ 6.1600e+02  6.7100e+02  8.0900e+02  8.8700e+02 -5.3620e+03  1.4626e+04
  5.2000e+03 -1.5980e+03  3.0710e+03  3.4100e+02 -5.4000e+01  4.9600e+02
  1.0000e+00]
[ 5.5600e+02  6.6700e+02  8.1000e+02  8.8800e+02 -5.3380e+03  1.4631e+04
  5.2540e+03 -1.4600e+02  1.9950e+03 -7.3000e+01 -4.9000e+01  4.9300e+02
 -1.0000e+00]
[ 5.800e+02  6.530e+02  8.100e+02  8.870e+02 -5.558e+03  1.481e+04
  5.078e+03  5.760e+02  7.070e+02  5.920e+02 -4.900e+01  4.940e+02
 -2.000e+00]
[ 5.6800e+02  6.3500e+02  8.0800e+02  8.8600e+02 -5.4430e+03  1.4889e+04
  5.5040e+03  3.3500e+02 -1.7980e+03  9.4200e+02 -5.1000e+01  4.8800e+02
 -2.0000e+00]
[ 5.6000e+02  6.2500e+02  8.0600e+02  8.8500e+02 -5.1530e+03  1.5093e+04
  4.8760e+03  3.2700e+02 -8.7900e+02  4.4700e+02 -5.3000e+01  4.8600e+02
 -1.0000e+00]
[ 5.7200e+02  6.1900e+02  8.0500e+02  8.8300e+02 -4.8610e+03  1.5113e+04
  4.7110e+03  1.0590e+03 -1.0630e+03  1.8700e+02 -5.3000e+01  4.8500e+02
 -2.0000e+00]
[ 6.0400e+02  6.2300e+02  8.0400e+02  8.8100e+02 -5.0150e+03  1.5259e+04
  4.4450e+03  1.4220e+03 -8.3500e+02 -4.9700e+02 -5.6000e+01  4.8500e+02
 -4.0000e+00]
