[0, 0, 0, 0, 0, 0, 0, 0, 0, 0, 0, 0, 0]
[  286.   271.   322.   347. -2604.  5654.  1622.    64.  -650.  -349.
   -19.   198.    -9.]
[  450.   430.   515.   558. -3930.  9718.  2048.   433.  -301.  -506.
   -30.   315.   -16.]
[  542.   519.   631.   687. -4342. 11882.  2665.   232.  -125.  -231.
   -36.   383.   -18.]
[  595.   564.   701.   763. -4886. 13602.  2911.  -679.  -372.   148.
   -38.   429.   -21.]
[  625.   580.   744.   806. -4925. 13783.  2754.  -570.  -629.   -17.
   -48.   451.   -24.]
[  654.   574.   770.   830. -5118. 14055.  3111.  -667.  -454.  -554.
   -44.   467.   -20.]
[ 6.7800e+02  5.5500e+02  7.8600e+02  8.4400e+02 -5.2620e+03  1.4337e+04
  3.5590e+03 -1.9200e+02 -1.6300e+02 -5.0000e+00 -4.3000e+01  4.7700e+02
 -2.1000e+01]
[ 6.8000e+02  5.4000e+02  7.9600e+02  8.5300e+02 -5.1950e+03  1.4403e+04
  3.3610e+03 -5.0000e+00  3.1200e+02  1.4900e+02 -4.5000e+01  4.8200e+02
 -1.7000e+01]
[  682.   530.   802.   859. -5241. 14542.  3466.  -569.   296.   139.
   -47.   489.   -17.]
[  697.   526.   806.   863. -5506. 14434.  3670.  -668.  -126.   243.
   -47.   489.   -15.]
[ 7.0200e+02  5.2500e+02  8.0800e+02  8.6700e+02 -5.6170e+03  1.4807e+04
  3.8910e+03 -4.3600e+02  1.3000e+02  8.6000e+01 -4.5000e+01  4.9100e+02
 -1.3000e+01]
[ 7.0100e+02  5.2500e+02  8.1000e+02  8.7000e+02 -5.5620e+03  1.4775e+04
  4.0080e+03 -1.1000e+01  2.8400e+02  2.1600e+02 -4.7000e+01  4.8800e+02
 -1.3000e+01]
[ 6.9900e+02  5.2600e+02  8.1000e+02  8.7200e+02 -5.2440e+03  1.4634e+04
  3.7260e+03 -5.5000e+01 -1.8400e+02  1.5700e+02 -5.1000e+01  4.9200e+02
 -1.3000e+01]
[ 6.9800e+02  5.2800e+02  8.1000e+02  8.7400e+02 -5.6900e+03  1.4879e+04
  3.8260e+03 -5.0000e+00 -3.2200e+02  1.6100e+02 -5.3000e+01  4.9300e+02
 -1.6000e+01]
[ 6.9900e+02  5.3000e+02  8.1100e+02  8.7600e+02 -5.7850e+03  1.4777e+04
  3.7100e+03 -6.9000e+01  4.3000e+01  3.0000e+00 -5.3000e+01  4.9500e+02
 -1.3000e+01]
[ 6.990e+02  5.310e+02  8.110e+02  8.780e+02 -5.688e+03  1.477e+04
  3.909e+03 -8.600e+01  5.900e+01 -1.620e+02 -5.500e+01  4.980e+02
 -1.000e+01]
[ 7.0100e+02  5.3200e+02  8.1100e+02  8.7900e+02 -5.2270e+03  1.4842e+04
  3.8780e+03  1.3700e+02  5.8000e+01 -9.7000e+01 -5.6000e+01  4.9800e+02
 -1.1000e+01]
[ 7.0500e+02  5.3300e+02  8.1100e+02  8.8000e+02 -5.3090e+03  1.4764e+04
  3.7790e+03  2.1000e+01  7.6000e+01 -4.2000e+01 -5.9000e+01  4.9500e+02
 -1.2000e+01]
[  721.   533.   811.   881. -5441. 14960.  3717.   113.   -52.    78.
   -58.   495.   -17.]
[  719.   535.   811.   882. -5504. 14921.  3788.   347.   161.   180.
   -52.   495.   -16.]
[  719.   550.   809.   882. -5468. 15010.  3690.   213.   -25.   290.
   -51.   494.   -17.]
[  733.   583.   807.   882. -5408. 14996.  3721.   -19.   -57.   247.
   -53.   494.   -21.]
[  733.   618.   806.   882. -5545. 14997.  3778.  -309.   -49.   -24.
   -53.   494.   -19.]
[  732.   654.   806.   881. -5400. 15116.  4026.  -429.    95.   178.
   -55.   496.   -17.]
[  750.   680.   807.   880. -5473. 14919.  3756.  -617.   155.   416.
   -54.   494.   -17.]
[ 7.5100e+02  6.9000e+02  8.0600e+02  8.7900e+02 -5.4950e+03  1.4986e+04
  3.9300e+03 -1.0500e+02  1.4900e+02  3.8400e+02 -5.1000e+01  4.9400e+02
 -1.4000e+01]
[  751.   675.   806.   877. -5597. 14940.  3890.  -201.   107.   348.
   -51.   494.   -15.]
[  769.   661.   806.   876. -5614. 14874.  3978.    33.    80.   443.
   -44.   493.   -17.]
[ 7.7900e+02  6.4700e+02  8.0600e+02  8.7400e+02 -4.3120e+03  1.5244e+04
  4.2740e+03  4.6100e+02  6.1600e+02 -1.2500e+02 -4.8000e+01  4.9100e+02
 -1.5000e+01]
[  777.   629.   807.   871. -4721. 14813.  3882.   346.   -60.   365.
   -48.   489.   -19.]
[  787.   613.   808.   865. -4935. 15102.  4028.  -381.   -28.   -40.
   -48.   487.   -19.]
[  807.   601.   809.   859. -3876. 15253.  4736. -1581.  1090.   -98.
   -46.   487.   -16.]
[ 8.0500e+02  5.6600e+02  8.1000e+02  8.5500e+02 -4.1330e+03  1.5068e+04
  4.0060e+03 -9.2400e+02  9.3800e+02 -3.0800e+02 -4.3000e+01  4.8500e+02
 -1.1000e+01]
[ 8.0100e+02  5.1900e+02  8.1100e+02  8.5100e+02 -5.0170e+03  1.5024e+04
  3.8080e+03 -4.6900e+02  8.1600e+02 -4.9800e+02 -4.2000e+01  4.7700e+02
 -9.0000e+00]
[ 7.9800e+02  4.9400e+02  8.1100e+02  8.4900e+02 -5.3780e+03  1.4892e+04
  4.0120e+03 -1.8000e+02  4.1700e+02 -2.8500e+02 -3.6000e+01  4.7700e+02
 -9.0000e+00]
[ 7.9700e+02  4.8100e+02  8.1100e+02  8.4800e+02 -5.6580e+03  1.4861e+04
  4.1670e+03 -6.8000e+01  7.9000e+01  8.6000e+01 -3.1000e+01  4.7900e+02
 -7.0000e+00]
[ 7.9700e+02  4.7400e+02  8.1100e+02  8.4700e+02 -5.6790e+03  1.4817e+04
  4.2790e+03 -1.1000e+01  1.5200e+02  1.1500e+02 -3.1000e+01  4.7700e+02
 -3.0000e+00]
[ 7.9800e+02  4.7000e+02  8.1100e+02  8.4600e+02 -5.7080e+03  1.4938e+04
  4.4230e+03  2.1100e+02 -1.0600e+02  7.5000e+01 -3.2000e+01  4.7200e+02
 -7.0000e+00]
[ 8.0000e+02  4.6900e+02  8.1100e+02  8.4600e+02 -5.7350e+03  1.4854e+04
  4.5000e+03  1.4500e+02 -2.0400e+02  6.0000e+01 -3.3000e+01  4.7200e+02
 -7.0000e+00]
[ 8.0200e+02  4.7000e+02  8.1100e+02  8.4600e+02 -5.6840e+03  1.4736e+04
  4.6260e+03  2.6700e+02 -2.0600e+02  2.0700e+02 -3.3000e+01  4.7200e+02
 -5.0000e+00]
