[0, 0, 0, 0, 0, 0, 0, 0, 0, 0, 0, 0, 0]
[  328.   194.   324.   332. -2262.  6006.  1750.   -59.   107.  -150.
   -12.   190.    -8.]
[ 5.260e+02  3.110e+02  5.190e+02  5.300e+02 -3.869e+03  9.606e+03
  2.902e+03 -6.300e+01  1.950e+02 -3.020e+02 -1.600e+01  3.030e+02
 -8.000e+00]
[  646.   381.   637.   648. -4631. 11760.  3360.   -89.   248.  -283.
   -16.   371.   -12.]
[  719.   425.   709.   718. -5265. 13100.  3657.  -102.    88.  -283.
   -16.   410.   -14.]
[ 7.640e+02  4.520e+02  7.530e+02  7.600e+02 -5.360e+03  1.384e+04
  3.762e+03 -2.400e+01 -9.200e+01 -8.000e+00 -1.700e+01  4.300e+02
 -1.500e+01]
[ 7.9200e+02  4.6800e+02  7.7900e+02  7.8400e+02 -5.5480e+03  1.4204e+04
  3.7860e+03  1.7200e+02 -1.4700e+02  1.6700e+02 -1.4000e+01  4.4000e+02
 -1.6000e+01]
[  810.   478.   783.   798. -5687. 14388.  3874.   325.   129.   133.
   -16.   451.   -20.]
[  822.   485.   758.   808. -5677. 14556.  3729.   414.   240.   157.
   -16.   457.   -20.]
[ 8.3000e+02  4.9100e+02  7.0200e+02  8.1300e+02 -5.7450e+03  1.4772e+04
  3.7310e+03  6.7800e+02  2.5000e+02  2.0200e+02 -1.3000e+01  4.6100e+02
 -2.2000e+01]
[ 8.3600e+02  4.9700e+02  6.4200e+02  8.1700e+02 -5.8910e+03  1.4872e+04
  3.5690e+03  5.3900e+02  2.7000e+02  5.3000e+01 -1.4000e+01  4.6400e+02
 -2.7000e+01]
[  841.   503.   593.   819. -5915. 14798.  3443.   316.   132.   -30.
   -16.   462.   -31.]
[  845.   510.   555.   821. -5872. 14674.  3441.   429.   237.   116.
   -16.   460.   -31.]
[  847.   518.   531.   822. -5846. 14634.  3306.   459.   481.   -36.
   -19.   460.   -30.]
[ 8.4900e+02  5.3200e+02  5.1600e+02  8.2300e+02 -5.7060e+03  1.4735e+04
  3.1060e+03  2.4400e+02  7.6200e+02 -7.8600e+02 -1.1000e+01  4.6200e+02
 -3.0000e+01]
[ 8.5000e+02  5.4300e+02  5.0600e+02  8.2300e+02 -6.0700e+03  1.4665e+04
  3.3190e+03  3.1500e+02  4.0800e+02 -5.8000e+02 -7.0000e+00  4.5900e+02
 -3.6000e+01]
[ 8.490e+02  5.500e+02  5.000e+02  8.240e+02 -6.032e+03  1.452e+04
  2.897e+03  2.940e+02  4.970e+02 -4.300e+02 -3.000e+00  4.570e+02
 -3.500e+01]
[ 8.4700e+02  5.5400e+02  4.9800e+02  8.2400e+02 -6.1080e+03  1.4401e+04
  2.8450e+03  2.1600e+02  2.6500e+02 -3.6100e+02 -3.0000e+00  4.5500e+02
 -4.0000e+01]
[  846.   556.   498.   824. -6429. 14327.  2571.   203.    90.   -50.
     0.   453.   -42.]
[ 8.4600e+02  5.5700e+02  5.0000e+02  8.2500e+02 -6.5640e+03  1.4561e+04
  2.6720e+03  3.3900e+02 -4.7000e+01  9.0000e+00  0.0000e+00  4.5200e+02
 -4.5000e+01]
[  846.   559.   502.   826. -6524. 14656.  2384.   362.  -334.   118.
     0.   454.   -45.]
[ 8.4600e+02  5.6100e+02  5.0500e+02  8.2700e+02 -6.4070e+03  1.4617e+04
  2.5240e+03  3.3900e+02 -2.9200e+02 -5.4900e+02  1.0000e+00  4.5400e+02
 -4.5000e+01]
[ 8.4600e+02  5.6100e+02  5.0700e+02  8.3000e+02 -6.5060e+03  1.4559e+04
  2.2880e+03  2.6600e+02 -1.6100e+02  1.9000e+01  3.0000e+00  4.5200e+02
 -5.0000e+01]
[ 8.4500e+02  5.6300e+02  5.1100e+02  8.3400e+02 -6.0790e+03  1.4658e+04
  2.4060e+03  1.1000e+02  9.4000e+01  2.1500e+02  2.0000e+00  4.5200e+02
 -4.8000e+01]
[ 8.4300e+02  5.6500e+02  5.1500e+02  8.3600e+02 -6.4890e+03  1.4903e+04
  2.4700e+03 -1.3900e+02  1.0300e+02  4.3000e+01  5.0000e+00  4.5000e+02
 -4.7000e+01]
[ 8.4300e+02  5.6600e+02  5.1900e+02  8.3400e+02 -6.5780e+03  1.5057e+04
  2.4610e+03 -5.0700e+02  5.1000e+01 -1.0700e+02  2.0000e+00  4.4800e+02
 -4.9000e+01]
[ 8.4300e+02  5.6600e+02  5.2100e+02  8.3400e+02 -6.5130e+03  1.4736e+04
  2.3910e+03 -3.5100e+02 -2.3300e+02 -9.0000e+00  1.0000e+00  4.5000e+02
 -5.0000e+01]
[  843.   567.   522.   836. -6285. 14892.  2586.   216.  -180.   300.
     0.   450.   -51.]
[ 8.4200e+02  5.6800e+02  5.2400e+02  8.3800e+02 -6.2630e+03  1.4973e+04
  2.4150e+03  6.0000e+01 -6.7000e+01 -2.6000e+01  1.0000e+00  4.5000e+02
 -5.2000e+01]
[ 8.4100e+02  5.6800e+02  5.2500e+02  8.3700e+02 -6.3400e+03  1.4772e+04
  2.2330e+03  4.4100e+02  1.6200e+02 -3.0600e+02 -3.0000e+00  4.5000e+02
 -5.6000e+01]
[  841.   568.   526.   836. -6306. 14780.  2047.   313.   -72.   -71.
     0.   448.   -57.]
[  841.   570.   527.   837. -6260. 14743.  2073.   887.  -480.   170.
     0.   451.   -58.]
[  839.   572.   531.   839. -6108. 15005.  1723.  1319.   204.    46.
     0.   452.   -61.]
[  829.   573.   536.   841. -6042. 15118.  1510.   964.   442.   188.
     0.   453.   -67.]
[  818.   573.   539.   844. -6380. 15026.  1264.   -81.   177.    38.
     0.   454.   -73.]
[  809.   571.   541.   848. -6724. 14986.  1593.  -313.   -21.  -269.
     0.   455.   -71.]
[ 7.9700e+02  5.6800e+02  5.4600e+02  8.5600e+02 -6.3380e+03  1.4546e+04
  1.2790e+03  1.1180e+03 -1.5400e+02  1.4700e+02 -2.0000e+00  4.5900e+02
 -7.2000e+01]
[ 7.8200e+02  5.6500e+02  5.5400e+02  8.6400e+02 -6.2220e+03  1.4967e+04
  1.3460e+03  1.6220e+03  2.8800e+02  6.7000e+01 -5.0000e+00  4.6000e+02
 -7.2000e+01]
[ 7.6800e+02  5.5900e+02  5.6000e+02  8.6600e+02 -6.4500e+03  1.5095e+04
  1.1980e+03  1.4200e+03 -2.3000e+01  4.8700e+02 -1.0000e+01  4.6000e+02
 -7.8000e+01]
[ 7.5600e+02  5.5300e+02  5.6600e+02  8.6000e+02 -6.3340e+03  1.5124e+04
  7.1800e+02  1.1150e+03 -9.1000e+01  2.1900e+02 -9.0000e+00  4.5900e+02
 -8.3000e+01]
[ 7.4600e+02  5.4700e+02  5.7300e+02  8.4400e+02 -6.3630e+03  1.4972e+04
  6.8600e+02  9.4700e+02  1.3000e+02  2.2300e+02 -9.0000e+00  4.6200e+02
 -8.6000e+01]
