[0, 0, 0, 0, 0, 0, 0, 0, 0, 0, 0, 0, 0]
[ 3.060e+02  2.130e+02  2.480e+02  3.010e+02 -2.409e+03  5.654e+03
 -2.200e+02 -8.480e+02 -2.960e+02 -1.520e+02 -4.000e+00  1.850e+02
 -3.700e+01]
[ 4.930e+02  3.410e+02  3.890e+02  4.860e+02 -4.309e+03  8.464e+03
 -8.700e+01  1.770e+02  7.110e+02  7.340e+02 -7.000e+00  2.970e+02
 -6.300e+01]
[ 6.0600e+02  4.1500e+02  4.8000e+02  5.7200e+02 -5.1390e+03  1.1161e+04
 -1.7000e+02  1.9800e+03  1.8800e+02  1.4360e+03 -1.1000e+01  3.6900e+02
 -7.7000e+01]
[  673.   459.   541.   613. -5208. 12907.  -370.  1550.   267.  1618.
   -19.   415.   -93.]
[  713.   485.   581.   632. -5182. 13965.  -234.   764.   136.   941.
   -27.   441.  -103.]
[  737.   500.   607.   643. -5042. 14571.  -162.   246.   258.  -125.
   -32.   461.  -109.]
[  750.   509.   627.   651. -5335. 14713.   203.  -428.   335. -1637.
   -34.   472.  -113.]
[  757.   513.   641.   657. -6861. 14543.  -111.  -501. -1051. -1533.
   -30.   478.  -114.]
[  759.   516.   652.   661. -7799. 14809.  -322.  -158. -2098.  -321.
   -30.   486.  -106.]
[  759.   519.   659.   664. -7677. 14971.  -615.   608. -1142.  1721.
   -35.   496.   -98.]
[  760.   521.   665.   666. -6705. 14483.  -682.   970.   563.  2849.
   -47.   500.  -102.]
[  762.   522.   669.   668. -5498. 14686.    70.   752.   792.  2072.
   -62.   509.  -110.]
[  762.   523.   672.   670. -5529. 14917.   490.  -272.   221.  1080.
   -70.   510.  -118.]
[  762.   524.   674.   672. -5618. 15302.   841.  -789.    64.   868.
   -74.   513.  -117.]
[  763.   524.   676.   674. -5450. 15194.  1496.  -548.    27.   664.
   -74.   515.  -117.]
[  764.   525.   677.   676. -5356. 15506.  1828.   136.  -441.    64.
   -72.   517.  -119.]
[  764.   525.   678.   678. -5047. 15447.  1228.   562.  -907.    86.
   -65.   517.  -118.]
[  765.   525.   680.   679. -5015. 15354.   634.  -167. -1414.   998.
   -63.   510.  -120.]
[  765.   525.   682.   680. -4957. 15657.   767.   -43. -1810.   361.
   -61.   506.  -115.]
[  765.   526.   682.   682. -4871. 15762.  1068.   281. -1725.   666.
   -62.   506.  -115.]
[  766.   528.   683.   684. -4887. 15364.   724.   331. -1679.   455.
   -62.   506.  -111.]
[  767.   528.   685.   685. -5057. 15416.   495.  -141. -1428.  -139.
   -64.   508.  -108.]
[  768.   529.   687.   688. -5114. 15393.   591.   547. -1678.  -508.
   -67.   506.  -107.]
[  768.   531.   689.   691. -5356. 15299.   565.   727. -1505.  -556.
   -63.   509.  -108.]
[  768.   533.   690.   693. -5655. 15147.   383.   255. -1192.  -764.
   -60.   508.  -111.]
[  769.   533.   692.   694. -5946. 15113.   287.  -246.  -467.  -874.
   -57.   506.  -110.]
[  769.   533.   692.   695. -5881. 15378.   543.  -272.   558.  -900.
   -56.   506.  -108.]
[  769.   534.   692.   696. -6069. 15268.   687.   115.  1176.  -609.
   -53.   502.  -111.]
[  769.   534.   692.   697. -5935. 15055.   661.   -93.  1216.  -220.
   -53.   502.  -114.]
[  770.   534.   693.   697. -6031. 15020.   502.    23.  1152.  -181.
   -49.   501.  -117.]
[  770.   535.   693.   698. -5948. 15136.   195.   -29.   819.  -362.
   -51.   501.  -119.]
[  770.   535.   693.   698. -5796. 15088.   -33.  -285.   521.  -144.
   -49.   499.  -120.]
[  770.   535.   694.   698. -6079. 15142.    89.  -612.   721.   -78.
   -49.   502.  -121.]
[  770.   535.   694.   698. -6127. 15174.   280.  -374.   817.  -181.
   -47.   504.  -121.]
[  770.   535.   694.   698. -6002. 15040.   302.  -321.   939.   -52.
   -50.   505.  -122.]
[  770.   535.   695.   698. -6366. 15020.   302.  -325.   685.   402.
   -52.   505.  -123.]
[  770.   535.   695.   699. -6027. 15047.   350.  -455.   797.   332.
   -50.   504.  -123.]
[  770.   536.   695.   700. -5949. 15047.   299.  -509.   571.   430.
   -52.   507.  -124.]
[  770.   536.   696.   700. -5947. 15271.   419.  -501.   428.   -25.
   -54.   507.  -124.]
[  770.   536.   696.   701. -5904. 15441.   574.  -200.   351.   225.
   -56.   504.  -124.]
