[0, 0, 0, 0, 0, 0, 0, 0, 0, 0, 0, 0, 0]
[  308.   216.   280.   282. -2316.  6102.   236.  -344.    47.  -153.
   -13.   203.   -49.]
[  493.   346.   448.   452. -3821.  9696.   314.  -217.  -229.  -439.
   -17.   325.   -78.]
[  604.   424.   548.   555. -4996. 11734.   841.  -558.  -278.  -448.
   -20.   399.   -90.]
[  670.   472.   609.   618. -5503. 13043.  1125.  -996.  -480.  -531.
   -15.   440.   -95.]
[ 7.0900e+02  5.0100e+02  6.4500e+02  6.5600e+02 -5.7750e+03  1.3877e+04
  1.3180e+03 -9.3400e+02 -5.9700e+02 -2.0800e+02 -8.0000e+00  4.6400e+02
 -9.9000e+01]
[ 7.3300e+02  5.1800e+02  6.6800e+02  6.8000e+02 -5.9960e+03  1.4492e+04
  1.4980e+03 -5.6400e+02 -4.4700e+02 -9.8000e+01 -1.0000e+00  4.7800e+02
 -9.7000e+01]
[ 7.4700e+02  5.2900e+02  6.8100e+02  6.9500e+02 -6.0360e+03  1.4951e+04
  1.4230e+03 -1.2340e+03 -6.4600e+02  3.1600e+02  1.0000e+00  4.8700e+02
 -9.4000e+01]
[ 7.5500e+02  5.3800e+02  6.8800e+02  7.1000e+02 -6.1810e+03  1.4346e+04
  1.4740e+03 -2.7510e+03 -1.1070e+03  8.2800e+02  4.0000e+00  4.9200e+02
 -9.2000e+01]
[ 7.5900e+02  5.4800e+02  6.9400e+02  7.3500e+02 -6.0890e+03  1.4377e+04
  2.2790e+03 -2.0500e+03 -3.7800e+02  4.7400e+02  5.0000e+00  4.9300e+02
 -8.4000e+01]
[ 7.5800e+02  5.5800e+02  7.0900e+02  7.6500e+02 -6.0270e+03  1.4715e+04
  2.7780e+03 -6.5000e+02 -6.3000e+01 -1.3800e+02  6.0000e+00  4.9400e+02
 -8.1000e+01]
[ 7.5900e+02  5.6700e+02  7.4600e+02  8.0100e+02 -6.0060e+03  1.5206e+04
  3.1030e+03 -9.3900e+02 -4.3900e+02  1.2400e+02  6.0000e+00  4.9000e+02
 -7.3000e+01]
[ 7.5900e+02  5.7400e+02  7.7700e+02  8.2900e+02 -5.9260e+03  1.5021e+04
  3.0970e+03 -1.4300e+03 -6.1900e+02  8.8000e+01  5.0000e+00  4.9100e+02
 -6.5000e+01]
[ 7.6000e+02  5.7700e+02  8.0100e+02  8.5100e+02 -5.9330e+03  1.4817e+04
  3.4550e+03 -1.3640e+03 -1.4990e+03  4.9500e+02  6.0000e+00  4.8700e+02
 -6.0000e+01]
[  762.   578.   814.   865. -5739. 15021.  3861.  -972. -1084.   125.
     0.   486.   -53.]
[ 7.610e+02  5.810e+02  8.170e+02  8.700e+02 -5.782e+03  1.483e+04
  4.015e+03 -3.750e+02 -4.400e+02 -5.500e+02 -4.000e+00  4.870e+02
 -4.800e+01]
[ 7.5900e+02  5.8300e+02  8.1500e+02  8.6800e+02 -5.9360e+03  1.4805e+04
  4.0210e+03 -2.3000e+01 -4.2100e+02 -5.4300e+02 -5.0000e+00  4.8600e+02
 -4.4000e+01]
[ 7.5900e+02  5.8600e+02  8.1300e+02  8.6400e+02 -6.0380e+03  1.4659e+04
  3.9230e+03 -1.9100e+02 -3.6000e+02 -6.0700e+02 -5.0000e+00  4.8200e+02
 -4.4000e+01]
[ 7.5800e+02  5.9000e+02  8.1200e+02  8.6000e+02 -6.0800e+03  1.4485e+04
  3.9850e+03 -8.1100e+02 -2.8700e+02 -4.7700e+02 -9.0000e+00  4.7700e+02
 -4.0000e+01]
[ 7.5800e+02  5.9400e+02  8.1200e+02  8.5600e+02 -6.2330e+03  1.4038e+04
  4.2400e+03 -9.9000e+02 -1.0000e+03  6.8000e+01 -9.0000e+00  4.7100e+02
 -3.4000e+01]
[ 7.6000e+02  5.9700e+02  8.1200e+02  8.5200e+02 -6.3630e+03  1.4378e+04
  4.6590e+03 -1.5900e+02 -7.4400e+02  3.0900e+02 -1.0000e+01  4.7400e+02
 -2.7000e+01]
[ 7.6000e+02  6.0000e+02  8.1200e+02  8.5000e+02 -6.3040e+03  1.4188e+04
  4.4530e+03 -3.1200e+02 -6.9600e+02  7.3000e+01 -1.1000e+01  4.7300e+02
 -2.6000e+01]
[ 7.6000e+02  6.0200e+02  8.1200e+02  8.4800e+02 -5.8680e+03  1.4032e+04
  4.6040e+03 -1.8600e+02 -3.8900e+02 -1.8100e+02 -9.0000e+00  4.7100e+02
 -2.6000e+01]
[ 7.6100e+02  6.0300e+02  8.1200e+02  8.4700e+02 -5.9040e+03  1.4678e+04
  4.8100e+03 -4.2000e+01 -2.6700e+02 -3.4100e+02 -1.2000e+01  4.7200e+02
 -2.1000e+01]
[ 7.6100e+02  6.0400e+02  8.1200e+02  8.4700e+02 -6.0800e+03  1.4678e+04
  4.7990e+03 -2.6500e+02 -3.9400e+02  1.6100e+02 -1.1000e+01  4.6900e+02
 -2.1000e+01]
[  761.   605.   812.   847. -6000. 14438.  4761.   235.  -172.   385.
   -17.   475.   -22.]
[  762.   603.   813.   847. -5910. 14784.  5048.  -283.   -42.    81.
   -18.   478.   -22.]
[  764.   603.   813.   848. -6387. 14598.  4561.  -312.   888.  -505.
   -17.   475.   -21.]
[  765.   603.   814.   848. -5909. 14150.  4711.   521.   405.  -203.
   -17.   473.   -24.]
[  765.   604.   814.   849. -5887. 14403.  4461.   -82.   404.   -96.
   -17.   470.   -26.]
[  765.   606.   814.   850. -6009. 14174.  4686.   715.    71.  -614.
   -17.   470.   -27.]
[  765.   607.   814.   851. -5775. 14293.  4354.   393.   228.   -59.
   -17.   474.   -31.]
[ 7.6500e+02  6.0700e+02  8.1500e+02  8.5100e+02 -6.1560e+03  1.4515e+04
  4.7720e+03 -7.8000e+01  2.8000e+02 -1.4400e+02 -1.4000e+01  4.7600e+02
 -3.0000e+01]
[ 7.6500e+02  6.0800e+02  8.1500e+02  8.5300e+02 -6.0000e+03  1.4104e+04
  4.5490e+03 -3.8500e+02  0.0000e+00 -4.0000e+00 -1.8000e+01  4.7400e+02
 -2.9000e+01]
[  766.   608.   815.   854. -5859. 14177.  4873.   140.   213.   229.
   -20.   474.   -28.]
[  767.   608.   815.   855. -6065. 14381.  4943.   -25.   174.    46.
   -22.   471.   -30.]
[  768.   608.   815.   857. -6167. 14369.  4783.   -21.     0.   249.
   -21.   473.   -26.]
[  768.   608.   815.   858. -6125. 14455.  4575.    43.  -307.   270.
   -21.   473.   -23.]
[  769.   608.   815.   860. -6161. 14372.  4658.   180.  -244.   530.
   -20.   472.   -27.]
[  769.   609.   815.   862. -6247. 14604.  4810.  -154.  -263.   276.
   -20.   475.   -23.]
[  769.   609.   815.   863. -6055. 14621.  4703.    19.  -463.    55.
   -23.   473.   -22.]
